1
50 50
11111111111111111111110000000111111111111111111111
00000000111110000000000000000000000000000011100000
00000000111110000000000000000000000000000011100000
00000000111110000000000000000000000000000011100000
11111111111111111111110000000111111111111111111111
00000000111110000000000000000000000000000011100000
00000000111110000000000000000000000000000011100000
00000000111110000000000000000000000000000011100000
00000000111110000000000000000000000000000011100000
00000000111110000000000000000000000000000011100000
00000000111110000000000000000000000000000011100000
11111111111111111111110000000111111111111111111111
00000000111110000000000000000000000000000011100000
00000000111110000000000000000000000000000011100000
00000000111110000000000000000000000000000011100000
00000000111110000000000000000000000000000011100000
00000000111110000000000000000000000000000011100000
00000000111110000000000000000000000000000011100000
11111111111111111111110000000111111111111111111111
00000000111110000000000000000000000000000011100000
00000000111110000000000000000000000000000011100000
00000000111110000000000000000000000000000011100000
11111111111111111111110000000111111111111111111111
00000000111110000000000000000000000000000011100000
00000000111110000000000000000000000000000011100000
00000000111110000000000000000000000000000011100000
11111111111111111111110000000111111111111111111111
00000000111110000000000000000000000000000011100000
00000000111110000000000000000000000000000011100000
00000000111110000000000000000000000000000011100000
00000000111110000000000000000000000000000011100000
00000000111110000000000000000000000000000011100000
11111111111111111111110000000111111111111111111111
00000000111110000000000000000000000000000011100000
00000000111110000000000000000000000000000011100000
00000000111110000000000000000000000000000011100000
00000000111110000000000000000000000000000011100000
00000000111110000000000000000000000000000011100000
11111111111111111111110000000111111111111111111111
00000000111110000000000000000000000000000011100000
00000000111110000000000000000000000000000011100000
00000000111110000000000000000000000000000011100000
00000000111110000000000000000000000000000011100000
00000000111110000000000000000000000000000011100000
11111111111111111111110000000111111111111111111111
00000000111110000000000000000000000000000011100000
00000000111110000000000000000000000000000011100000
00000000111110000000000000000000000000000011100000
00000000111110000000000000000000000000000011100000
00000000111110000000000000000000000000000011100000
00000000111110000000000000000000000000000011100000






